randomcone_info.ecsv
# %ECSV 0.9
# ---
# datatype:
# - name: RA
#   unit: deg
#   datatype: float64
#   description: random RA
# - name: DEC
#   unit: deg
#   datatype: float64
#   description: random DEC
# - name: GALDIM_MAJAXIS
#   unit: arcmin
#   datatype: float64
#   description: random radius
# - name: GAIA
#   datatype: object
# schema: astropy-2.0
RA DEC GALDIM_MAJAXIS GAIA
128.22434539601798 -33.0777085167829 14.251092218880558 "dist             solution_id     ... epoch_photometry_url
                                          ...                     
--------------------- ------------------- ... --------------------
0.0028778191862315426 1635721458409799680 ...                   --
 0.003445846920901718 1635721458409799680 ...                   --
 0.003594021037982308 1635721458409799680 ...                   --
0.0039466094137401465 1635721458409799680 ...                   --
 0.004466079551275475 1635721458409799680 ...                   --
 0.004685033031001358 1635721458409799680 ...                   --
0.0047319850746345244 1635721458409799680 ...                   --
 0.005638034760106551 1635721458409799680 ...                   --
 0.006442495025370965 1635721458409799680 ...                   --
 0.006496008803069303 1635721458409799680 ...                   --
                  ...                 ... ...                  ...
  0.11858937579129124 1635721458409799680 ...                   --
  0.11861986119243978 1635721458409799680 ...                   --
  0.11865894048776922 1635721458409799680 ...                   --
  0.11866788880967771 1635721458409799680 ...                   --
  0.11867835296522074 1635721458409799680 ...                   --
  0.11868116810770532 1635721458409799680 ...                   --
  0.11868120440972109 1635721458409799680 ...                   --
  0.11868415773016222 1635721458409799680 ...                   --
  0.11869770700566126 1635721458409799680 ...                   --
  0.11870529410629095 1635721458409799680 ...                   --
Length = 3619 rows"
177.94621156965405 -46.29452345108362 31.58570966574349 "dist             solution_id     ... epoch_photometry_url
                                         ...                     
-------------------- ------------------- ... --------------------
0.003721391390367981 1635721458409799680 ...                   --
 0.00486544586037644 1635721458409799680 ...                   --
0.004919074401267345 1635721458409799680 ...                   --
0.005139101203367643 1635721458409799680 ...                   --
0.005406711796269613 1635721458409799680 ...                   --
0.005948263531922786 1635721458409799680 ...                   --
0.006356094889137806 1635721458409799680 ...                   --
0.007715951537193271 1635721458409799680 ...                   --
0.007934092801921625 1635721458409799680 ...                   --
 0.00834833223331794 1635721458409799680 ...                   --
                 ...                 ... ...                  ...
  0.2630747253522955 1635721458409799680 ...                   --
  0.2630915347276661 1635721458409799680 ...                   --
 0.26312660369934016 1635721458409799680 ...                   --
 0.26313209286925493 1635721458409799680 ...                   --
 0.26313820063175924 1635721458409799680 ...                   --
  0.2631432536079409 1635721458409799680 ...                   --
  0.2631664634142146 1635721458409799680 ...                   --
 0.26316740466845995 1635721458409799680 ...                   --
 0.26317203083603236 1635721458409799680 ...                   --
  0.2632063985789546 1635721458409799680 ...                   --
Length = 6908 rows"
259.5237092043303 67.21436111111112 52.20000076293945 "dist             solution_id     ... epoch_photometry_url
                                          ...                     
--------------------- ------------------- ... --------------------
0.0008903348209976285 1635721458409799680 ...                   --
0.0030175122106414656 1635721458409799680 ...                   --
 0.005478996853084813 1635721458409799680 ...                   --
  0.01291087548101823 1635721458409799680 ...                   --
  0.01670207020170195 1635721458409799680 ...                   --
  0.01707603645951868 1635721458409799680 ...                   --
 0.020085158411365527 1635721458409799680 ...                   --
  0.02055012627937095 1635721458409799680 ...                   --
 0.021393340896851788 1635721458409799680 ...                   --
 0.022062139666412336 1635721458409799680 ...                   --
                  ...                 ... ...                  ...
  0.43458932998204364 1635721458409799680 ...                   --
  0.43463480905973423 1635721458409799680 ...                   --
  0.43467489049193725 1635721458409799680 ...                   --
   0.4346771012269389 1635721458409799680 ...                   --
   0.4347202011489297 1635721458409799680 ...                   --
   0.4347707952068003 1635721458409799680 ...                   --
    0.434780062863167 1635721458409799680 ...                   --
   0.4348335929120551 1635721458409799680 ...                   --
   0.4348336053676179 1635721458409799680 ...                   --
  0.43494529821233485 1635721458409799680 ...                   --
Length = 3295 rows"
236.10553164793998 65.23050018995002 8.557048400101218 "dist             solution_id     ... epoch_photometry_url
                                         ...                     
-------------------- ------------------- ... --------------------
0.002808866920468572 1635721458409799680 ...                   --
0.003943351727706377 1635721458409799680 ...                   --
0.006326280146690279 1635721458409799680 ...                   --
0.007787987619044219 1635721458409799680 ...                   --
0.021111319840128585 1635721458409799680 ...                   --
 0.02183327930681213 1635721458409799680 ...                   --
 0.02196300601360256 1635721458409799680 ...                   --
0.022948045152478613 1635721458409799680 ...                   --
0.023935873675676355 1635721458409799680 ...                   --
 0.02395652775062151 1635721458409799680 ...                   --
                 ...                 ... ...                  ...
 0.06409206157665336 1635721458409799680 ...                   --
  0.0645347629147649 1635721458409799680 ...                   --
 0.06552706407603194 1635721458409799680 ...                   --
 0.06573153377570194 1635721458409799680 ...                   --
 0.06583277227479563 1635721458409799680 ...                   --
 0.06603792447031966 1635721458409799680 ...                   --
 0.06642522285522068 1635721458409799680 ...                   --
 0.06693740617208015 1635721458409799680 ...                   --
 0.06822489916905203 1635721458409799680 ...                   --
 0.06842213528308522 1635721458409799680 ...                   --
Length = 68 rows"
15.039166666666667 43.87152487779618 6.133299827575684 "dist             solution_id     ... epoch_photometry_url
                                          ...                     
--------------------- ------------------- ... --------------------
0.0066754704341051175 1635721458409799680 ...                   --
 0.009802442334747023 1635721458409799680 ...                   --
 0.010543094581871294 1635721458409799680 ...                   --
 0.010986499920326602 1635721458409799680 ...                   --
 0.013732675384203549 1635721458409799680 ...                   --
  0.01443048421282382 1635721458409799680 ...                   --
 0.014679124615369774 1635721458409799680 ...                   --
  0.01572857140711593 1635721458409799680 ...                   --
 0.016090391573607938 1635721458409799680 ...                   --
 0.016948457202567744 1635721458409799680 ...                   --
                  ...                 ... ...                  ...
 0.049532944272474067 1635721458409799680 ...                   --
 0.049574889489352375 1635721458409799680 ...                   --
  0.04960449031942406 1635721458409799680 ...                   --
  0.04963063770162934 1635721458409799680 ...                   --
  0.04999183525878242 1635721458409799680 ...                   --
 0.050325609630399164 1635721458409799680 ...                   --
  0.05040262067711456 1635721458409799680 ...                   --
   0.0506839237748041 1635721458409799680 ...                   --
 0.050757500717079906 1635721458409799680 ...                   --
   0.0507837783946004 1635721458409799680 ...                   --
Length = 88 rows"
126.52818534894948 -49.03388888888889 9.526259709261106 "dist             solution_id     ... epoch_photometry_url
                                          ...                     
--------------------- ------------------- ... --------------------
0.0023221954523369847 1635721458409799680 ...                   --
 0.004762729448219689 1635721458409799680 ...                   --
 0.004835161749128501 1635721458409799680 ...                   --
 0.004933775949847834 1635721458409799680 ...                   --
 0.005255025529898575 1635721458409799680 ...                   --
 0.005628318218607899 1635721458409799680 ...                   --
 0.005656429531701883 1635721458409799680 ...                   --
 0.007133545321670069 1635721458409799680 ...                   --
 0.007441437506789007 1635721458409799680 ...                   --
0.0075502838326876745 1635721458409799680 ...                   --
                  ...                 ... ...                  ...
  0.07918300643494562 1635721458409799680 ...                   --
   0.0791833735379998 1635721458409799680 ...                   --
  0.07918990088481323 1635721458409799680 ...                   --
  0.07920184398870601 1635721458409799680 ...                   --
  0.07920258628165609 1635721458409799680 ...                   --
   0.0792175277910252 1635721458409799680 ...                   --
  0.07924923913431113 1635721458409799680 ...                   --
  0.07927898169031777 1635721458409799680 ...                   --
   0.0792909392423907 1635721458409799680 ...                   --
  0.07929246745913483 1635721458409799680 ...                   --
Length = 1079 rows"
167.91159739766343 -9.306765534015547 39.99739826343954 "dist             solution_id     ... epoch_photometry_url
                                         ...                     
-------------------- ------------------- ... --------------------
0.006776323617449341 1635721458409799680 ...                   --
0.017349903507328738 1635721458409799680 ...                   --
0.026758666873419986 1635721458409799680 ...                   --
 0.02792430884152587 1635721458409799680 ...                   --
0.028588143696230504 1635721458409799680 ...                   --
0.029756498428693517 1635721458409799680 ...                   --
0.033486263962984576 1635721458409799680 ...                   --
0.034833954660051375 1635721458409799680 ...                   --
 0.03691739993906409 1635721458409799680 ...                   --
 0.03799623317561754 1635721458409799680 ...                   --
                 ...                 ... ...                  ...
  0.3322235256117219 1635721458409799680 ...                   --
 0.33231168136448097 1635721458409799680 ...                   --
  0.3323270775476341 1635721458409799680 ...                   --
  0.3323295336447241 1635721458409799680 ...                   --
  0.3324215586782286 1635721458409799680 ...                   --
  0.3324830121879518 1635721458409799680 ...                   --
 0.33283465032710924 1635721458409799680 ...                   --
    0.33285084259239 1635721458409799680 ...                   --
  0.3330022621591786 1635721458409799680 ...                   --
  0.3332377746840326 1635721458409799680 ...                   --
Length = 1145 rows"
260.05972916666667 15.331139025282148 11.945922800941066 "dist             solution_id     ... epoch_photometry_url
                                          ...                     
--------------------- ------------------- ... --------------------
 0.003154771976514364 1635721458409799680 ...                   --
  0.00366966957956135 1635721458409799680 ...                   --
0.0041870818863118595 1635721458409799680 ...                   --
  0.01397456474488501 1635721458409799680 ...                   --
 0.014169990750858218 1635721458409799680 ...                   --
  0.01489306010507817 1635721458409799680 ...                   --
 0.015048243287511257 1635721458409799680 ...                   --
 0.015708088704916287 1635721458409799680 ...                   --
 0.016211435909763584 1635721458409799680 ...                   --
  0.01683985913104014 1635721458409799680 ...                   --
                  ...                 ... ...                  ...
  0.09890895223291236 1635721458409799680 ...                   --
   0.0990217764913153 1635721458409799680 ...                   --
  0.09911148797848163 1635721458409799680 ...                   --
  0.09913182059037207 1635721458409799680 ...                   --
  0.09920085453647078 1635721458409799680 ...                   --
  0.09923940060759123 1635721458409799680 ...                   --
  0.09939078107552703 1635721458409799680 ...                   --
  0.09941250390431802 1635721458409799680 ...                   --
  0.09946454075013933 1635721458409799680 ...                   --
   0.0995078319440099 1635721458409799680 ...                   --
Length = 483 rows"
